343 346 343 368 331 336 380 395 387 345 405 338 353
347 342 403 370 346 362 370 313 349 356 382 350 367
366 366 389 378 350 341 401 376 315 339 367 339 365
360 311 323 349 333 305 338 361 375 365 384 295 379
350 431 363 337 329 376 384 336 333 313 352 372 400
326 335 334 365 372 383 397 367 390 411 370 345 362
346 334 369 330 343 352 378 381 408 377 372 359 373
341 342 337 416 355 401 369 332 358 356 300 346 343
409 399 416 333 372 348 383 372 398 317 384 349 413
370 356 373 346 364 326 359 342 346 361 349 373 403
342 397 373 325 357 391 343 368 332 393 371 334 363
368 366 393 326 330 342 344 358 365 409 343 327 320
341 306 338 340 375 354 353 349 360 327 345 314 389
367 382 378 342 327 343 388 354 349 349 344 396 311
297 338 398 365 341 354 372 378 387 307 368 335 379
356 304 415 375 365 322 363 368 368 381 361 355 307
364 369 371 356 347 351 368 372 413 361 337 383 366
337 397 379 346 382 375 363 351 387 327 351 367 364
359 330 326 344 383 365 315 310 340 355 374 348 402
360 312 376 401 286 304 358 307 399 358 342 404 324
350 394 359 344 343 390 352 377 362 391 338 372 338
388 342 354 346 360 372 368 382 320 311 347 337 359
354 382 401 381 365 403 326 350 353 342 368 373 334
352 360 328 326 380 381 344 388 368 383 388 301 403
328 377 366 350 381 380 317 311 380 332 361 390 393
337 366 385 323 288 340 320 384 353 351 378 375 395
388 404 359 353 367 351 330 324 334 340 363 292 384
346 334 386 344 362 355 384 361 319 338 335 335 359
293 331 345 385 369 381 355 335 345 420 361 357 319
380 357 355 339 335 378 316 367 357 350 339 396 368
354 373 316 375 334 333 374 369 316 346 315 369 354
389 329 375 318 423 351 325 318 361 406 347 383 351
364 340 390 391 384 357 390 375 358 368 368 362 327
291 317 344 417 346 357 352 360 421 348 367 350 323
358 387 334 345 325 377 357 377 378 355 325 356 299
335 290 374 359 348 388 344 326 364 319 365 354 322
325 332 361 352 348 367 354 355 321 336 350 395 360
355 382 385 372 358 317 360 315 401 371 357 362 371
357 355 298 366 360 373 366 316 352 343 368 360 370
354 381 380 343 336 367 341 379 358 341 343 364 421
394 357 360 316 339 374 388 321 342 320 389 373 372
325 371 382 314 332 383 329 384 337 407 347 343 341
363 315 389 400 372 350 389 361 359 339 321 356 376
362 319 358 386 373 397 337 385 394 312 344 325 306
323 347 356 353 357 346 321 395 386 372 344 394 320
370 366 411 416 359 346 381 375 366 362 401 340 322
358 334 355 302 357 368 331 345 350 352 330 370 409
334 298 369 360 375 318 318 363 382 361 382 343 371
343 334 346 384 361 321 352 336 313 331 408 376 343
402 353 364 364 383 365 362 351 343 386 378 352 341
351 394 362 345 379 361 385 331 349 353 363 328 318
386 373 394 350 365 379 397 319 356 357 329 340 369
350 396 420 394 354 350 361 350 343 321 304 309 313
364 367 402 350 336 332 352 337 353 397 386 380 300
386 369 352 406 342 322 335 393 395 334 344 376 400
361 337 327 375 370 322 381 361 372 384 370 325 365
334 300 371 433 368 375 343 376 382 378 387 383 367
321 338 402 370 339 340 356 391 322 336 347 349 342
366 298 324 373 407 305 356 310 350 382 311 340 373
343 326 367 358 376 389 339 363 374 355 337 382 356
378 399 334 406 341 347 372 369 346 319 348 337 356
397 388 355 395 354 341 380 383 325 367 371 364 340
344 347 353 342 393 312 343 381 370 356 341 331 363
350 342 388 368 352 396 369 323 341 335 362 351 340
356 341 343 363 350 338 360 382 354 354 366 326 377
328 338 342 308 411 363 384 374 365 353 405 343 416
339 399 320 387 329 403 397 402 317 375 367 351 353
336 351 376 348 330 338 344 318 357 315 360 342 357
346 321 372 342 321 340 358 377 342 341 364 326 357
337 330 389 379 390 341 411 375 374 378 363 396 352
372 371 375 348 350 363 357 344 372 343 372 382 387
383 348 390 361 395 337 385 387 377 361 335 414 330
347 351 359 345 361 369 343 327 387 318 336 310 315
346 373 312 302 380 363 404 355 338 336 370 325 365
358 346 333 384 372 356 414 320 357 390 325 446 336
352 373 371 341 330 332 353 349 372 383 406 377 330
314 347 338 356 421 367 329 369 376 353 354 390 390
395 412 384 404 336 321 402 310 361 377 365 327 381
343 379 400 359 347 341 352 344 362 405 342 327 342
337 399 404 355 409 355 351 363 389 355 340 344 366
351 430 345 333 352 332 370 373 396 345 332 352 383
394 401 353 372 365 382 372 362 355 326 361 365 352
325 335 331 329 365 334 371 363 315 327 377 342 352
355 292 311 397 338 377 355 390 330 354 335 331 394
385 354 343 353 355 395 375 389 357 396 335 372 393
361 355 378 364 359 369 342 379 367 371 304 361 378
351 348 342 373 395 344 409 409 351 388 359 332 324
368 333 351 340 338 300 371 329 366 359 341 365 300
335 324 421 390 344 344 404 428 353 357 337 305 333
347 339 401 338 366 328 340 319 365 362 354 367 386
395 394 374 386 305 377 337 364 396 392 351 402 393
355 370 326 403 368 366 365 397 358 364 374 375 406
351 346 321 360 341 380 372 357 386 338 360 325 390
333 368 338 331 336 371 372 303 346 398 374 372 355
347 309 369 324 393 374 395 339 359 363 337 378 357
358 333 386 351 328 338 369 324 355 329 361 351 342
327 382 310 351 394 366 356 366 334 352 309 350 355
313 386 374 344 351 314 350 308 319 402 355 357 382
401 369 311 379 323 365 375 342 341 361 351 385 348
386 357 348 350 344 350 366 365 370 359 355 370 374
