354 339 317 356 364 348
378 339 345 373 345 305
378 383 342 335 307 368
330 354 382 348 362 306
320 353 326 348 364 347
381 370 306 328 369 371
461 354 361 353 402 371
338 329 357 335 321 337
414 407 335 329 307 281
385 341 363 365 349 318
378 341 405 366 377 396
351 350 345 367 391 401
348 386 340 389 384 420
318 372 336 394 356 357
405 384 347 337 329 399
367 344 360 389 340 389
351 395 397 355 336 363
370 357 371 327 392 350
363 379 346 345 362 362
346 324 377 321 335 401
390 402 338 379 414 328
369 361 384 337 404 328
373 387 369 311 330 349
324 385 363 381 308 316
337 364 376 360 357 354
370 360 405 389 399 352
335 343 327 353 331 328
378 339 426 371 358 356
371 359 345 391 370 364
332 360 347 359 373 319
388 376 342 376 353 370
345 325 397 382 353 364
350 366 359 338 313 331
331 354 393 346 375 314
322 318 374 343 327 373
366 331 365 367 409 352
345 353 337 366 376 318
363 329 341 372 385 365
337 325 401 350 340 403
366 335 340 372 382 326
372 369 357 376 334 369
429 355 371 340 324 366
391 324 366 350 352 362
346 360 372 343 327 350
392 361 359 333 306 310
332 360 331 352 350 342
344 380 361 368 370 295
373 383 397 399 358 358
388 349 354 333 384 354
332 368 353 375 337 347
333 380 381 344 352 364
352 407 325 359 342 387
362 334 374 335 383 402
381 355 330 361 350 411
346 338 359 365 317 341
348 371 369 339 385 310
338 395 350 378 328 395
380 364 332 366 288 371
382 414 372 299 395 373
408 328 310 380 369 339
366 376 348 362 384 353
358 348 367 287 338 394
359 317 398 329 355 369
353 393 339 316 337 372
361 374 392 350 397 350
356 336 372 365 381 358
331 390 384 365 336 348
364 347 392 361 346 360
395 371 368 344 316 360
326 348 399 372 391 317
326 361 325 378 367 377
324 388 418 337 327 394
355 356 371 401 355 391
325 360 297 336 368 405
324 378 329 395 309 346
382 352 331 369 356 328
367 351 411 405 360 333
347 367 366 361 373 334
367 349 344 377 326 380
326 332 377 364 363 350
335 329 371 357 332 427
355 310 336 368 422 361
360 337 384 368 347 382
362 349 322 392 322 363
364 335 353 410 403 326
341 355 342 303 364 328
358 369 326 372 394 392
341 337 363 381 367 351
309 382 394 355 374 398
354 380 356 339 340 402
338 361 338 397 407 338
379 329 352 298 350 390
333 361 375 388 373 353
407 405 435 358 395 359
328 354 365 400 343 375
364 357 375 342 314 358
383 344 357 306 403 342
309 378 344 371 357 367
361 313 375 265 371 363
340 312 377 386 373 376
