318 380 338 349 346 369
390 334 350 375 329 335
340 372 363 331 341 352
364 351 415 368 366 367
369 305 363 295 401 347
386 376 371 394 307 350
370 381 348 336 315 378
397 361 355 339 372 346
380 379 383 338 354 366
387 373 375 367 381 312
347 361 360 318 350 362
338 380 345 326 351 386
350 370 341 389 334 352
331 357 373 391 321 334
342 331 351 336 338 373
337 377 320 386 351 313
367 322 359 388 366 334
385 347 347 348 345 360
340 377 371 354 390 341
357 356 369 394 378 371
331 315 390 398 381 316
329 392 374 356 342 382
329 366 341 365 349 338
322 346 338 350 332 383
405 360 380 359 371 369
328 343 405 361 354 340
349 336 352 399 372 393
364 338 396 372 340 349
352 361 338 349 352 332
339 350 362 365 372 340
365 315 352 391 413 399
334 322 393 349 376 369
360 316 337 363 343 364
342 343 377 355 346 379
350 372 354 315 370 365
371 352 376 330 346 330
362 323 380 319 324 368
333 360 353 379 354 385
378 366 384 382 381 348
336 379 327 341 379 358
392 318 348 406 377 364
328 336 382 347 407 333
360 341 354 313 358 334
370 315 338 347 339 399
341 374 341 311 381 327
332 362 357 332 358 377
337 340 378 327 420 344
405 388 362 373 363 405
365 338 352 394 341 417
324 380 356 339 316 372
362 339 345 364 333 349
336 386 368 350 353 379
372 344 376 338 367 371
353 404 325 366 371 369
368 349 369 376 355 346
318 359 359 359 407 345
326 351 346 379 384 366
344 375 322 376 383 339
339 331 384 390 312 317
359 374 400 354 337 359
364 360 362 318 383 333
401 341 332 343 364 362
369 327 361 368 373 346
349 335 390 355 346 334
353 362 343 411 359 371
376 431 370 300 369 357
363 341 351 381 309 330
346 377 415 337 419 366
360 309 341 347 380 340
369 379 325 339 420 395
362 296 328 350 362 351
343 361 286 362 380 305
379 333 336 336 307 345
382 370 375 355 332 343
374 372 383 357 374 378
413 317 380 318 347 332
378 337 396 323 385 358
357 357 364 367 351 423
376 379 314 374 364 384
374 363 372 373 310 337
375 420 321 350 393 374
334 373 357 371 367 366
374 369 291 355 388 392
394 422 380 356 350 350
392 364 330 391 352 360
414 353 336 336 389 378
335 360 343 357 386 361
335 401 361 334 348 354
394 347 367 372 387 334
360 369 393 348 356 358
365 353 389 363 344 362
367 376 337 375 370 347
350 366 322 338 319 343
329 353 353 315 366 348
331 322 364 370 382 366
382 323 307 330 376 320
309 392 352 375 352 346
372 357 348 359 340 364
361 328 382 323 358 317
374 386 384 364 396 363
