358
345
342
328
374
328
340
369
357
349
348
376
335
399
318
387
349
355
307
374
349
360
338
312
390
396
367
377
373
391
380
342
358
352
376
414
339
341
376
370
387
361
393
377
352
360
387
359
369
381
355
386
353
370
339
387
349
375
342
351
370
330
332
353
371
347
361
382
361
384
308
343
369
362
339
357
351
355
311
350
299
366
395
335
359
366
373
343
360
346
364
345
390
317
325
328
337
336
333
342
