343 340 393 428 312 386
350 339 349 394 350 376
388 342 355 355 368 392
345 423 331 380 375 340
357 374 369 350 400 353
358 372 374 339 348 361
346 347 336 378 354 387
365 318 380 366 384 336
371 302 366 341 378 407
339 379 378 324 352 381
350 367 361 347 378 426
330 334 366 395 376 377
387 425 386 304 365 330
381 379 384 343 336 339
354 350 377 343 374 315
331 372 430 376 306 373
375 360 341 406 380 362
339 419 339 392 331 347
334 361 374 324 365 332
389 357 359 415 326 347
354 335 341 402 354 371
333 392 368 385 327 364
408 382 378 388 380 372
331 340 358 356 396 386
367 341 415 364 385 353
345 375 406 373 335 398
348 394 364 363 380 356
377 371 372 339 363 387
360 379 358 339 359 364
359 292 385 346 397 327
387 354 373 349 359 321
362 338 358 346 342 382
381 307 375 354 371 363
415 352 346 371 370 335
383 371 341 348 389 345
376 371 369 387 325 339
420 371 399 356 320 362
372 357 339 318 419 360
357 334 368 343 346 316
349 355 361 351 346 350
386 357 355 351 349 311
361 395 387 370 375 385
378 347 355 363 413 324
361 392 355 362 382 387
383 356 350 376 399 381
366 358 387 383 415 352
393 345 360 366 373 341
385 343 342 308 380 362
368 407 331 368 359 344
338 315 363 347 379 354
357 361 356 346 390 381
358 403 361 387 411 338
367 346 361 364 383 363
359 344 377 344 368 340
350 348 309 282 357 379
335 369 390 357 381 370
398 305 365 330 387 321
344 356 342 323 389 355
326 350 349 355 337 361
342 405 370 340 319 373
380 343 417 352 368 359
317 389 369 343 337 333
351 347 357 344 350 380
355 385 347 350 404 372
349 358 362 401 390 341
344 355 376 351 339 356
372 364 338 357 370 318
384 371 339 337 387 337
351 338 320 387 337 342
372 351 345 311 359 384
368 361 374 346 347 342
367 407 390 390 341 380
371 369 396 344 345 345
365 375 388 358 359 337
383 326 363 319 353 390
379 394 360 368 375 341
353 360 368 386 340 350
376 414 347 356 367 405
345 383 335 379 414 384
366 376 361 360 362 428
387 390 352 358 369 388
313 329 312 334 357 363
356 389 436 360 340 367
360 340 383 405 375 346
340 332 354 359 425 332
421 366 346 349 370 332
353 366 370 377 350 339
362 347 375 378 386 364
382 314 351 319 315 379
377 341 304 342 353 338
362 334 355 376 312 367
373 317 351 353 401 398
376 348 335 398 357 371
389 367 335 341 376 352
383 376 343 393 381 351
355 394 352 334 338 382
355 339 380 334 396 355
356 327 379 387 394 303
334 327 345 354 387 383
389 372 373 365 370 367
