345 367 349 400 389 345 397 393 340 363 361 342 376
337 377 400 364 363 348 345 361 432 348 390 321 301
429 324 345 377 379 392 328 382 385 356 315 366 373
330 328 384 362 367 351 367 397 380 355 331 359 382
332 408 359 402 339 350 375 356 376 373 360 349 361
398 351 346 338 364 342 383 382 364 374 394 352 374
359 394 313 354 366 431 425 363 391 370 380 363 374
357 352 376 319 352 367 341 362 406 386 391 385 344
382 362 387 329 368 374 331 337 341 386 357 396 351
358 334 353 344 358 394 378 361 359 366 359 367 350
370 338 376 378 354 337 333 342 330 367 345 367 342
323 365 343 332 376 335 324 345 361 397 317 349 376
339 367 351 358 366 374 348 395 392 327 329 423 395
355 319 347 357 366 391 365 343 371 393 310 381 347
378 382 309 354 361 264 400 367 356 386 402 336 410
355 382 411 366 322 379 374 323 370 336 342 374 407
324 380 338 337 377 339 375 332 341 304 379 353 371
342 329 365 366 307 347 370 338 367 335 371 359 361
310 358 359 391 351 393 382 342 381 374 379 356 367
342 334 390 354 368 385 348 317 358 331 366 369 354
350 372 376 330 358 320 388 394 394 322 365 380 359
368 390 366 381 413 363 344 316 382 315 358 386 384
419 316 356 333 377 343 369 348 312 329 408 325 368
419 378 331 344 331 376 328 384 356 366 368 415 346
362 396 335 363 385 356 317 381 353 358 393 339 377
367 333 368 386 371 363 379 349 324 328 332 361 318
377 376 364 379 360 383 378 346 333 374 368 366 357
362 362 392 339 399 335 354 381 331 409 411 361 341
350 399 364 373 343 357 358 395 383 363 362 387 376
385 355 378 371 337 357 358 348 359 371 395 369 372
346 313 356 354 335 396 377 332 316 346 379 392 331
390 383 376 379 389 389 317 337 378 338 406 380 418
344 391 378 351 336 382 329 386 420 349 380 384 368
356 343 373 390 396 327 343 347 386 369 359 343 348
397 370 365 376 344 329 383 409 348 382 389 355 326
345 356 362 354 340 385 340 327 335 392 384 385 374
368 335 354 339 357 335 414 341 368 358 340 394 390
356 328 377 415 352 352 385 347 366 319 370 358 350
326 380 374 386 289 403 332 397 381 376 294 325 363
355 336 357 385 369 365 332 342 403 397 356 350 363
381 357 370 367 354 394 325 407 337 365 319 323 346
387 331 354 353 367 397 361 371 350 355 336 367 368
374 361 371 395 351 342 390 369 340 380 375 414 344
376 341 369 349 358 362 330 381 396 348 364 350 372
406 348 336 361 406 351 336 355 383 373 357 315 377
408 318 353 382 354 363 357 432 372 357 377 366 378
311 338 384 364 337 373 410 387 371 347 367 354 355
390 331 359 379 338 350 344 362 343 377 352 397 354
364 354 364 366 362 364 376 340 358 385 368 370 323
336 349 333 344 367 402 349 403 363 333 362 391 351
348 369 328 352 333 345 376 367 347 341 386 359 368
367 360 355 378 347 412 371 353 347 412 349 388 397
372 349 369 346 329 381 417 371 346 347 374 351 354
357 352 365 377 356 340 343 343 395 389 366 336 379
368 310 380 384 394 321 356 357 381 355 358 368 356
348 349 356 359 336 397 352 343 363 338 399 374 338
372 348 341 328 330 381 325 337 325 348 320 368 314
352 335 384 377 413 357 373 336 382 334 371 352 380
361 371 368 362 343 363 352 362 347 361 372 330 340
373 342 354 350 361 310 365 323 361 360 346 415 337
365 383 339 335 331 332 327 375 398 360 357 350 342
347 393 367 400 407 396 317 360 308 381 391 363 381
347 349 398 365 383 351 362 352 343 347 361 349 361
354 415 363 346 365 358 353 402 328 341 384 343 343
382 400 360 344 387 352 366 370 385 371 370 342 362
329 338 338 403 300 396 334 356 355 353 370 358 372
377 366 361 364 362 395 362 389 350 392 398 389 344
355 337 342 345 380 317 421 363 363 351 383 372 377
342 348 369 361 318 352 327 334 386 374 377 344 354
371 370 352 380 385 350 314 367 343 328 350 352 350
371 381 373 332 349 335 354 346 350 311 270 386 386
395 342 390 418 379 337 346 366 357 416 331 387 391
324 368 360 294 331 352 363 371 357 377 365 370 344
343 396 376 385 364 409 360 372 388 367 384 381 351
401 367 404 346 363 392 378 339 362 359 347 379 348
301 372 393 366 368 372 432 339 379 359 371 350 364
333 352 340 347 344 370 329 343 360 339 372 405 362
340 330 362 392 355 371 335 387 347 396 381 364 344
344 371 299 326 348 397 358 381 409 351 373 382 351
357 373 360 358 339 371 363 373 369 364 374 379 402
436 346 371 376 369 313 328 327 386 360 374 361 364
361 400 373 390 362 341 325 384 362 331 405 340 335
375 384 341 379 372 347 371 309 356 391 330 387 416
361 300 367 365 374 362 410 374 354 351 382 380 345
387 362 392 358 366 351 367 349 332 310 375 315 373
376 391 373 346 361 349 393 335 334 344 379 342 357
390 349 411 334 362 382 357 362 369 345 378 327 354
326 360 346 310 365 374 369 385 347 371 347 363 379
356 382 360 364 336 330 341 359 398 326 352 358 325
375 360 377 350 342 392 346 348 375 359 349 372 422
366 391 381 414 367 365 325 346 368 345 379 340 365
354 427 352 330 345 362 330 345 330 351 369 373 360
366 357 323 358 375 361 400 342 380 384 386 393 379
376 396 343 354 366 353 315 372 350 349 357 307 349
357 343 388 387 370 335 336 415 363 384 420 379 378
358 346 350 370 401 363 353 376 372 347 390 344 352
375 385 349 350 355 369 394 341 343 382 351 342 401
332 344 414 377 389 340 399 361 400 368 368 342 372
394 338 316 356 305 351 342 378 351 389 375 347 349
360 344 350 360 330 343 349 377 299 395 393 356 345
