362 351 415 431 376 452
329 316 378 371 364 433
385 356 386 369 412 435
327 365 351 386 415 407
342 370 411 375 366 426
373 341 358 386 398 447
370 356 371 368 386 424
363 404 390 382 406 421
383 381 370 415 400 452
385 346 362 384 384 434
323 392 400 376 390 438
349 409 416 351 397 449
368 395 362 378 373 434
395 343 344 364 386 445
383 399 361 362 395 427
375 357 357 368 412 421
351 386 370 357 375 440
359 383 365 373 370 450
366 366 369 388 405 438
348 339 366 375 388 425
346 401 406 372 407 445
397 342 365 367 383 422
369 369 362 395 382 441
368 363 387 409 385 441
392 396 380 371 374 440
379 376 361 375 381 456
356 396 349 374 398 428
384 408 339 388 405 437
390 390 382 413 393 427
400 381 364 376 404 439
369 402 376 348 409 416
366 326 379 397 387 450
376 374 392 419 406 430
363 385 378 372 391 427
348 387 332 385 390 440
369 343 388 365 398 424
368 373 397 361 380 419
351 351 365 378 381 448
381 365 369 403 376 428
329 347 355 371 397 431
378 375 357 382 402 440
328 344 354 389 389 432
354 354 339 384 373 414
398 353 377 358 399 445
375 349 405 365 388 432
356 334 392 371 378 423
391 362 386 370 394 422
379 322 358 360 396 433
368 352 344 398 375 405
386 384 366 396 371 441
306 334 351 366 440 426
370 357 378 365 390 455
397 392 370 380 381 411
358 358 357 386 399 436
361 380 360 392 407 431
378 372 359 368 378 423
377 388 366 368 396 421
386 360 351 374 403 424
335 330 378 383 402 437
340 344 345 381 367 436
351 357 373 367 386 421
385 336 317 368 399 445
391 368 422 362 373 435
346 346 374 415 376 428
320 332 361 393 378 428
393 354 376 377 391 425
357 400 377 391 393 420
418 372 398 374 395 437
370 406 394 373 405 451
361 386 392 386 403 424
329 398 403 363 391 448
361 324 356 385 397 441
340 336 370 393 396 419
354 383 355 382 376 431
327 418 359 354 385 435
351 391 354 394 388 418
384 351 410 358 392 432
383 375 397 366 375 440
351 391 368 368 400 441
391 339 435 400 386 432
364 381 397 396 398 426
379 351 362 356 381 427
365 343 360 403 395 422
379 374 375 372 390 437
390 333 419 379 403 429
367 358 372 378 400 426
389 374 376 374 377 454
337 356 368 358 384 439
383 342 375 360 365 436
379 363 370 346 395 449
346 362 363 376 393 423
333 351 401 350 407 431
377 361 347 375 367 447
372 385 338 360 401 429
350 369 380 370 376 439
354 365 362 407 428 440
337 372 369 351 412 431
401 351 340 328 380 417
334 360 367 363 393 431
350 365 381 360 399 433
