346
397
334
372
384
347
389
413
370
359
338
368
356
348
402
339
375
372
366
328
396
340
348
379
338
322
347
399
346
372
366
390
327
343
346
358
343
361
395
364
321
349
315
346
391
324
350
366
389
349
359
339
378
354
344
368
332
328
350
382
371
343
341
381
433
378
349
407
345
359
340
338
367
383
365
334
313
383
340
334
370
344
414
365
332
360
349
377
404
377
367
336
410
347
352
359
328
358
353
413
